Version 0.9.7
7
 4 10 175 77 128 0 1
 5 100 400 206 81 2 2
 1 253 480 206 81 8 4
 0 197 167 877 276 18 5
 1 254 49 206 81 150 7
 3 488 493 203 58 160 8
 6 646 23 449 130 169 9
 0
41
 8388863 5 328 233 328 233 328 172 416 172 416 60 424 60 0 5 0 7
 8388863 5 354 233 360 233 360 159 396 159 396 60 405 60 0 5 0 7
 8388863 5 386 60 386 60 378 60 378 233 380 233 380 233 0 7 0 5
 8388863 5 302 337 302 355 219 355 219 39 443 39 443 60 0 5 0 7
 8404992 5 744 337 744 337 744 278 445 278 445 272 445 272 0 5 0 5
 8404992 5 406 337 406 337 406 367 766 367 766 337 757 337 0 5 0 5
 8404992 5 679 337 679 337 679 356 419 356 419 337 419 337 0 5 0 5
 8404992 5 432 337 432 337 432 343 692 343 692 337 692 337 0 5 0 5
 16711680 5 757 376 757 398 700 398 700 537 674 537 674 537 0 5 0 8
 16711680 5 744 376 744 376 744 565 614 565 614 537 614 537 0 5 0 8
 16711680 5 654 537 654 558 715 558 715 494 679 494 679 376 0 8 0 5
 16711680 5 634 537 634 548 729 548 729 376 692 376 692 376 0 8 0 5
 12615935 5 1060 146 1060 146 1060 163 692 163 692 233 692 233 0 9 0 5
 12615935 5 1073 146 1073 146 1073 170 705 170 705 233 705 233 0 9 0 5
 12615935 5 1008 146 1008 146 1008 177 731 177 731 233 731 233 0 9 0 5
 12615935 5 1021 146 1021 146 1021 185 744 185 744 233 744 233 0 9 0 5
 12615935 5 757 233 757 233 757 192 1034 192 1034 146 1034 146 0 5 0 9
 12615935 5 770 233 770 233 770 210 1047 210 1047 146 1047 146 0 5 0 9
 12615935 5 718 233 718 233 718 155 995 155 995 146 995 146 0 5 0 9
 255 5 71 202 71 202 113 202 113 60 269 60 269 60 0 1 0 7
 255 5 71 215 101 215 101 454 268 454 268 491 268 491 0 1 0 4
 255 5 71 189 71 189 71 144 250 144 250 181 250 181 0 1 0 5
 255 5 302 233 302 233 302 233 302 181 302 181 302 181 0 5 0 5
 255 5 679 181 679 181 679 181 679 233 679 233 679 233 0 5 0 5
 255 5 614 181 614 181 614 50 614 50 662 50 662 50 0 5 0 9
 65793 5 71 288 121 288 121 436 250 436 250 428 250 428 0 1 0 5
 65793 5 269 118 269 118 167 118 167 275 71 275 71 275 0 7 0 1
 65793 5 71 262 138 262 138 537 268 537 268 549 268 549 0 1 0 4
 65793 5 497 428 497 428 497 530 497 530 499 530 499 530 0 5 0 8
 65793 5 770 376 770 376 770 376 770 428 770 428 770 428 0 5 0 5
 16744576 5 328 376 328 376 328 441 385 441 385 491 385 491 0 5 0 4
 16744576 5 341 376 341 376 341 428 404 428 404 491 404 491 0 5 0 4
 16744576 5 354 376 354 376 354 416 423 416 423 491 423 491 0 5 0 4
 16744576 5 367 376 367 376 367 403 435 403 435 491 442 491 0 5 0 4
 16776960 5 315 337 315 337 315 449 366 449 366 491 366 491 0 5 0 4
 16776960 5 315 272 315 272 281 272 281 456 347 456 347 491 0 5 0 4
 16776960 5 328 491 328 475 248 475 248 250 341 250 341 272 0 4 0 5
 16776960 5 367 272 367 272 367 226 212 226 212 491 309 491 0 5 0 4
 4194304 5 380 337 347 337 347 150 310 150 310 60 310 60 0 5 0 7
 4194304 5 393 337 393 137 336 137 336 60 329 60 329 60 0 5 0 7
 0 5 445 428 445 428 445 428 445 376 445 376 445 376 0 5 0 5
2
 7181 1 24 296 285 5 0 0 8583448 5
 7047 1 16 673 285 5 0 0 8583448 5
