Version 0.9.7
5
 4 10 175 77 128 0 1
 5 80 400 206 81 2 2
 0 110 110 877 276 8 3
 1 156 14 206 81 140 4
 3 165 446 203 58 150 5
 0
22
 255 5 71 189 71 189 71 189 71 25 171 25 171 25 0 1 0 4
 255 5 71 202 91 202 91 138 163 138 163 137 163 137 0 1 0 3
 0 5 71 249 71 249 97 249 97 83 171 83 171 83 0 1 0 4
 0 5 71 288 71 288 71 483 71 483 176 483 176 483 0 1 0 5
 255 5 267 137 267 137 267 137 267 176 267 176 267 176 0 3 0 3
 65793 5 71 275 71 275 99 275 99 371 163 371 163 371 0 1 0 3
 0 5 358 306 358 306 358 306 358 371 358 371 358 371 0 3 0 3
 16744448 5 306 319 306 319 308 319 308 371 306 371 306 371 0 3 0 3
 16744448 5 280 319 280 319 280 319 280 371 280 371 280 371 0 3 0 3
 255 5 293 293 293 293 295 293 295 358 293 358 293 358 0 3 0 3
 255 5 449 358 449 358 444 358 444 137 436 137 436 137 0 3 0 3
 8404992 5 319 306 319 306 319 490 319 490 311 490 311 490 0 3 0 5
 8404992 5 332 306 332 306 332 490 332 490 331 490 331 490 0 3 0 5
 8404992 5 345 306 345 306 345 490 345 490 351 490 351 490 0 3 0 5
 16744576 5 280 202 280 188 200 188 200 51 212 51 212 51 0 3 0 4
 16744576 5 231 51 223 51 223 118 313 118 313 202 306 202 0 4 0 3
 16777088 5 288 38 288 34 191 34 191 280 267 280 267 280 0 4 0 3
 16777088 5 293 189 293 189 297 189 297 51 307 51 307 51 0 3 0 4
 16744576 5 250 51 240 51 240 210 319 210 319 215 319 215 0 4 0 3
 16744576 5 269 51 269 51 259 51 259 105 345 105 345 202 0 4 0 3
 16777088 5 326 51 326 51 337 51 337 215 332 215 332 215 0 4 0 3
 16777088 5 345 25 345 25 358 25 358 25 358 189 358 189 0 4 0 3
1
 7085 1 16 261 228 5 0 0 8583448 3
