Version 0.9.7
5
 4 10 175 77 128 0 1
 5 80 400 206 81 2 2
 0 110 110 877 276 8 3
 1 199 403 206 81 140 4
 3 432 420 203 58 150 5
 0
22
 65793 5 71 275 71 275 96 275 96 371 163 371 163 371 0 1 0 3
 255 5 71 215 71 215 104 215 104 358 202 358 202 358 0 1 0 3
 255 5 462 319 462 319 462 319 462 358 462 358 462 358 0 3 0 3
 0 5 436 371 436 371 436 371 443 371 443 457 443 457 0 3 0 5
 0 5 202 371 202 371 202 472 202 472 214 472 214 472 0 3 0 4
 255 5 241 358 241 358 241 397 214 397 214 414 214 414 0 3 0 4
 65793 5 71 249 71 249 71 236 176 236 176 137 176 137 0 1 0 3
 65793 5 449 202 449 202 449 202 449 137 449 137 449 137 0 3 0 3
 65793 5 462 202 462 202 462 202 462 137 462 137 462 137 0 3 0 3
 8404992 5 255 414 255 414 255 272 410 272 410 280 410 280 0 4 0 3
 8404992 5 436 280 436 280 436 286 274 286 274 414 274 414 0 3 0 4
 8404992 5 293 414 293 414 293 299 501 299 501 280 501 280 0 4 0 3
 8404992 5 488 215 488 215 488 129 312 129 312 414 312 414 0 3 0 4
 8388736 5 410 215 410 215 410 220 331 220 331 414 331 414 0 3 0 4
 8388736 5 449 280 449 280 444 280 444 342 350 342 350 414 0 3 0 4
 8388736 5 488 280 488 280 469 280 469 379 369 379 369 414 0 3 0 4
 8388736 5 475 215 475 222 522 222 522 394 388 394 388 414 0 3 0 4
 8421376 5 436 215 436 220 431 220 431 496 478 496 478 464 0 3 0 5
 8421376 5 423 215 423 208 452 208 452 480 498 480 498 464 0 3 0 5
 8421376 5 423 306 423 306 415 306 415 455 518 455 518 464 0 3 0 5
 8421376 5 475 306 475 311 496 311 496 428 538 428 538 464 0 3 0 5
 8421376 5 501 202 501 202 558 202 558 202 558 464 558 464 0 3 0 5
1
 7083 1 16 404 228 5 0 0 12044 3
